4532
17339
34948
50934
79738
84641
92978
72463
84343
27470
20079
41310
51491
81590
42969
519
63569
96435
10767
46311
81369
5485
74835
2029
59194
866
38065
64924
99887
5976
98307
4418
23315
33255
55353
3053
17895
48331
75517
2238
75801
95596
43548
27292
77185
86517
27811
40754
82952
38578
87065
64321
44064
61900
66350
3258
62766
4414
68182
62652
10390
66489
67071
33706
99744
22424
36760
17639
70755
12276
19877
46555
7872
63426
73848
85057
49943
1658
25811
32894
40237
12876
97216
84301
74776
63565
87559
37542
67980
55741
194
78371
22229
67265
12077
21973
89689
48837
39612
60444
61114
