59490
6998
68986
22915
80846
54043
72859
82505
79854
5752
22741
92731
2968
7041
67506
66533
94601
5047
34513
50341
5241
12883
72571
72507
24960
94544
62196
73798
34156
22639
34911
93647
29638
3897
16562
10484
57940
89421
92990
37794
95174
15730
30524
98142
22772
98031
64675
17372
3078
99188
67714
8320
12070
40285
80827
37031
34829
43023
10829
68985
65662
45740
62632
95301
49638
79194
5785
7578
68614
98775
45373
63787
14505
75898
61929
37277
73928
26603
54650
77007
25790
22363
85327
37861
62649
66153
74892
97478
9175
85722
66463
74838
31462
29094
70139
81100
8288
75924
88678
76902
74699
